000725
000726
000761
600663
600754
900935
600295
600726
600751
900939
600094
600776
600272
001872
600221
600698
600320
900948
000869
900950
900957
000413
000418
000429
600602
600604
600611
000488
600613
600612
600610
600614
600618
600623
600619
600639
600648
600617
600650
600818
600679
600851
600819
600695
000505
600841
600844
600689
600827
600843
600835
000513
000002
000003
600845
600822
600848
900929
600680
000521
600625
000011
000012
000013
600801
000015
000016
000017
000018
000019
000020
000530
000022
600054
000024
000025
000026
000539
000028
000029
000030
000541
900951
600190
900953
600555
900956
000037
000550
000039
000553
000045
000055
000056
000570
000058
000581
000596
000613
000625