200725
200726
200761
900932
900934
900935
900936
900937
900938
900939
900940
900941
900943
201872
900945
900946
900947
900948
200869
900950
900957
200413
200418
200429
900901
900902
900903
200488
900904
900905
900906
900907
900908
900909
900910
900911
900912
900913
900914
900915
900916
900917
900918
900919
200505
900920
900921
900922
900923
900924
900925
200513
200002
200003
900926
900927
900928
900929
900930
200521
900931
200011
200012
200013
900933
200015
200016
200017
200018
200019
200020
200530
200022
900942
200024
200025
200026
200539
200028
200029
200030
200541
900951
900952
900953
900955
900956
200037
200550
200039
200553
200045
200055
200056
200570
200058
200581
200596
200613
200625